Default
       0       0       0       0       0       0
       0       0       0       0       0       0
       0       0       0       0       0       0
       0       0       0       0       0       0
       0       0       0       0       0       0
       0       0       0       0       0       0
       0       0       0       0       0       0
       0       0       0       0       0       0
       0       0       0       0       0       0
       0       0       0       0       0       0
       0       0       0       0       0       0
       0       0       0       0       0       0
       0       0       0       0       0       0
       0       0       0       0       0       0
       0       0       0       0       0       0
       0       0       0       0       0       0
Left 4 Dead 2
       0       1       6       6       0       1
       0       0       0       0       0       0
       0       0       0       0       0       0
       0       0       0       0       0       0
       0       0       0       0       0       0
       0       0       0       0       0       0
       0       0       0       0       0       0
       0       0       0       0       0       0
       0       0       0       0       0       0
       0       0       0       0       0       0
       0       0       0       0       0       0
       0       0       0       0       0       0
       0       0       0       0       0       0
       0       0       0       0       0       0
       1       1       6       6       0     1.0
       1       0      10       0     0.5     0.5
Minecraft
       0       1       6       6       0     0.5
       0       0       0       0       0       0
       0       0       0       0       0       0
       0       0       0       0       0       0
       0       0       0       0       0       0
       0       0       0       0       0       0
       0       0       0       0       0       0
       0       0       0       0       0       0
       0       0       0       0       0       0
       0       0       0       0       0       0
       1       1       6       6       0     0.7
       0       0       0       0       0       0
       0       0       0       0       0       0
       0       0       0       0       0       0
       1       1       6       6       0     0.5
       1       0       6       0     0.1     0.3
