Left 4 Dead 2
       0       1       6       6       0       1
       0       0       0       0       0       0
       0       0       0       0       0       0
       0       0       0       0       0       0
       0       0       0       0       0       0
       0       0       0       0       0       0
       0       0       0       0       0       0
       0       0       0       0       0       0
       0       0       0       0       0       0
       0       0       0       0       0       0
       0       0       0       0       0       0
       0       0       0       0       0       0
       0       0       0       0       0       0
       0       0       0       0       0       0
       1       1       6       6       0       1
       1       0       0       0     0.5     0.5
